255 255 255 255 255 255 255 255 255 255 255 255 255 255 255 255 255 255 255 255 255 255 255 255 255 255 255 255 255 255 255 255 255 255 255 255 255 255 255 255 255 255 255 255 255 255 255 255 255 255 255 255 255 255 255 255 255 255 255 255 255 255 255 255 255 255 255 255 255 255 255 255 255 255 255 255 255 255 255 255 255 255 255 255 255 255 255 255 255 255 255 255 255 255 255 255 255 255 255 255 255 255 255 255 255 255 255 255 255 255 255 255 255 255 255 255 255 255 255 
255 27 26 26 26 22 24 23 20 20 20 20 20 20 19 22 23 23 23 23 23 23 22 20 23 23 23 23 23 24 19 19 17 18 18 18 19 18 18 18 17 18 18 18 13 15 18 17 17 15 15 17 17 19 23 22 22 22 22 20 19 19 18 18 18 17 15 15 15 15 15 15 15 15 15 17 18 18 18 20 20 17 19 19 18 18 17 19 23 20 20 20 19 19 19 22 18 17 18 18 17 23 35 49 62 66 66 62 68 69 73 68 65 61 60 54 61 70 255 
255 26 25 20 19 22 19 20 15 19 19 17 15 19 20 19 19 19 19 19 19 18 18 19 20 19 19 19 19 18 15 15 13 12 12 12 11 11 13 14 12 15 14 14 17 15 14 13 13 14 14 14 14 19 19 17 18 18 18 18 19 17 17 15 15 14 12 12 13 13 12 12 12 12 12 13 13 13 13 15 15 13 15 14 15 14 14 15 15 15 15 15 17 17 15 15 15 14 14 11 14 15 14 17 39 58 68 60 62 60 66 63 63 56 50 48 58 60 255 
255 26 24 23 20 20 17 18 19 18 17 18 17 19 19 19 18 18 18 18 18 15 15 17 19 15 15 18 19 15 13 11 11 14 14 12 11 11 15 15 11 14 15 15 15 15 14 13 14 13 15 15 15 18 19 19 19 19 19 19 18 15 14 15 14 15 14 11 13 12 13 11 11 13 12 14 14 14 14 12 12 13 15 12 13 14 14 13 13 15 15 15 15 13 12 12 15 15 14 14 13 14 13 15 15 28 51 58 66 60 62 62 58 52 53 53 60 63 255 
255 24 20 22 20 20 17 18 19 18 18 15 18 15 15 15 15 14 13 15 15 15 15 15 19 15 17 17 15 13 13 9 7 11 9 12 12 7 9 11 14 12 13 12 12 13 13 14 14 13 12 13 15 15 15 17 15 15 17 17 17 13 12 14 14 15 14 11 13 12 11 13 13 13 12 9 11 9 9 9 9 12 12 11 11 11 13 13 12 12 12 12 12 13 14 13 13 15 13 12 9 9 9 9 12 12 19 34 56 56 60 74 72 66 52 60 62 66 255 
255 23 19 19 20 19 19 20 18 19 17 17 17 15 15 15 15 15 13 14 15 15 15 15 14 14 15 12 12 15 11 12 6 7 13 13 13 13 12 11 13 9 9 15 12 12 13 14 14 14 14 13 13 13 15 15 13 13 14 12 12 13 13 13 13 13 13 13 13 13 9 9 11 12 11 9 9 7 7 7 7 9 11 9 7 9 9 12 12 9 12 12 11 12 12 12 14 13 14 14 9 11 11 12 12 9 15 14 29 45 58 67 66 62 63 51 56 60 255 
255 23 19 20 20 20 20 19 19 19 19 17 17 15 15 15 15 15 13 14 15 15 15 13 12 12 13 13 15 14 12 12 4 7 7 11 12 12 13 15 14 9 11 14 15 14 12 12 13 12 11 12 13 13 13 12 14 12 9 9 9 9 9 11 12 11 9 11 12 12 9 9 11 13 9 9 7 7 9 9 9 9 9 9 9 7 9 13 14 9 12 13 13 13 12 12 11 11 12 11 7 7 7 7 7 9 12 4 11 19 30 52 69 63 51 54 56 58 255 
255 22 19 20 20 19 19 18 17 17 17 14 15 15 15 15 15 15 13 15 15 14 13 13 13 11 11 13 11 11 12 11 7 9 9 7 7 7 7 12 15 11 12 15 17 15 12 12 13 11 11 9 9 9 11 12 9 9 9 11 9 11 11 9 7 9 9 9 7 7 9 11 9 9 11 9 7 9 9 6 6 7 4 6 9 7 7 9 12 12 14 13 13 12 14 15 12 13 11 11 7 9 9 9 9 9 11 9 9 9 15 30 49 69 58 54 58 61 255 
255 22 19 20 20 22 19 19 17 18 19 15 14 15 15 15 14 15 13 11 11 12 13 12 13 13 13 12 13 13 13 11 7 6 6 7 7 7 7 7 11 7 11 14 13 13 13 12 13 12 9 11 11 9 9 7 6 7 7 7 7 9 9 7 7 7 7 7 7 7 9 11 11 9 13 7 7 9 7 6 4 4 6 6 9 9 7 7 7 7 12 11 9 7 11 9 13 13 11 9 9 11 9 7 7 9 11 7 7 7 6 12 24 43 60 58 58 62 255 
255 22 19 19 15 17 20 19 18 15 15 14 13 13 13 13 13 13 13 14 14 12 12 12 12 11 9 9 7 7 7 7 7 11 11 6 6 6 9 9 6 9 11 12 9 9 11 9 9 9 9 7 11 11 11 7 7 7 7 9 7 7 7 9 11 9 7 6 9 9 7 7 7 7 9 9 7 9 7 7 7 7 9 9 9 9 11 9 11 12 9 9 9 9 9 12 12 13 11 11 7 7 7 9 9 7 7 7 7 9 7 7 15 19 38 56 67 66 255 
255 23 18 17 15 15 20 17 15 14 14 13 14 14 14 14 14 14 13 15 15 12 12 12 13 12 9 9 7 6 7 7 7 11 11 7 6 6 9 9 6 7 9 9 7 7 9 11 11 9 7 7 7 9 9 7 7 9 9 7 7 9 11 9 6 6 9 9 7 7 7 9 7 9 7 9 7 7 7 7 7 7 7 9 9 9 9 9 9 9 9 9 9 9 7 7 12 12 11 11 7 7 7 9 9 9 7 9 9 7 7 6 9 13 18 35 58 66 255 
255 22 19 19 19 19 19 18 15 14 14 13 14 14 14 14 14 14 13 13 14 14 14 14 13 13 13 12 9 9 7 9 7 11 11 9 9 7 9 9 7 7 9 9 14 7 9 7 7 9 7 6 7 9 7 7 9 7 7 9 9 11 9 7 7 7 9 11 9 9 9 7 7 9 9 7 7 7 9 7 23 6 7 9 12 9 7 7 9 6 6 7 9 9 9 9 11 9 12 9 9 9 9 7 7 7 7 7 9 7 7 7 7 7 9 15 28 50 255 
255 22 19 20 19 20 19 18 15 15 15 13 13 14 14 14 13 12 15 14 14 13 14 14 9 13 13 13 9 9 9 9 9 9 9 11 11 9 9 9 9 9 11 11 9 9 9 7 9 7 9 9 7 9 7 7 7 7 7 9 9 7 7 9 7 9 11 9 11 9 11 7 4 4 4 6 6 7 9 11 7 7 7 11 15 17 20 13 9 7 7 7 12 12 11 9 11 12 9 9 11 11 9 7 7 9 9 7 7 9 7 7 9 7 7 7 15 27 255 
255 22 19 20 19 20 19 18 15 14 15 14 15 13 14 14 13 14 11 11 11 13 12 11 11 12 13 12 13 11 9 13 13 14 7 9 9 9 9 9 9 9 7 7 9 9 9 7 9 9 7 7 7 6 7 7 7 7 9 7 7 9 9 9 7 7 9 11 9 9 12 9 7 7 7 7 7 7 9 7 13 7 7 7 9 12 29 25 15 7 9 9 7 9 11 9 9 13 9 11 9 9 9 7 7 6 6 7 7 6 4 7 9 7 6 7 9 15 255 
255 22 19 20 19 20 19 15 18 12 14 15 15 13 14 14 13 13 12 14 12 12 9 6 9 9 9 9 11 12 13 14 14 17 11 14 12 9 9 9 7 7 9 7 7 7 7 7 9 9 7 9 7 3 7 7 7 11 11 9 9 9 9 9 7 7 9 13 9 11 11 9 7 7 9 7 7 7 9 9 7 7 7 7 9 7 11 23 25 17 13 9 7 9 9 11 9 9 9 11 7 7 7 11 11 7 9 9 7 3 6 6 9 7 9 9 7 11 255 
255 23 19 20 20 20 20 17 17 18 19 15 15 15 13 13 13 15 15 13 12 11 11 9 9 9 9 9 9 13 9 9 9 9 9 11 12 11 12 11 9 7 7 9 9 9 9 9 7 7 7 6 7 4 7 9 9 7 7 9 9 9 6 7 9 7 7 9 9 9 9 7 7 9 9 7 7 7 7 7 6 7 9 9 9 4 9 9 17 18 15 11 7 9 9 11 9 9 9 9 7 9 7 9 9 9 9 7 6 7 9 9 9 9 7 6 7 11 255 
255 24 20 19 20 19 19 18 18 19 22 15 14 13 13 14 13 12 12 9 9 9 9 9 13 9 7 7 7 9 9 11 9 9 9 7 7 9 4 9 9 7 7 9 7 9 7 7 7 9 7 4 7 6 7 9 7 7 9 9 7 6 4 7 9 7 7 7 7 7 7 9 9 9 6 4 7 9 7 4 6 9 7 7 7 7 7 7 12 14 15 11 7 9 9 11 9 9 9 12 9 7 7 7 7 9 7 7 9 9 11 11 11 7 7 7 7 7 255 
255 25 23 19 19 19 19 19 18 18 20 15 15 13 13 14 12 13 12 9 9 9 11 9 12 9 7 9 9 7 9 9 9 9 9 9 7 3 9 12 11 7 9 9 7 7 14 12 7 7 6 6 6 6 6 7 7 7 9 9 7 6 6 7 7 6 9 9 9 9 7 7 7 6 6 4 6 9 7 6 4 9 9 9 7 9 7 9 12 11 11 9 11 9 9 12 12 12 9 9 9 7 7 9 9 9 9 7 9 9 11 11 9 11 9 9 7 7 255 
255 25 22 23 22 19 19 19 19 17 18 19 15 14 15 12 12 12 13 11 9 9 9 12 11 9 9 9 9 9 9 9 9 7 7 12 9 11 9 7 7 7 7 9 7 7 9 7 6 6 7 7 7 7 6 7 7 6 4 6 6 6 6 6 6 6 6 6 6 6 6 6 6 3 7 7 6 6 7 7 6 4 6 6 4 9 9 7 7 7 11 11 12 14 13 11 7 9 9 12 7 9 7 6 6 6 6 6 7 9 9 9 9 7 7 6 7 7 255 
255 25 23 20 20 19 20 23 20 19 18 19 17 13 13 12 12 12 14 9 9 9 9 9 9 9 11 11 11 11 9 7 7 7 7 9 11 12 9 7 7 7 9 6 9 7 9 6 4 4 7 7 7 11 12 9 7 6 7 6 7 7 7 7 7 6 7 7 7 7 6 6 7 7 7 11 7 6 6 7 7 7 7 6 6 7 7 9 7 9 11 9 12 13 13 13 11 11 11 9 7 7 9 6 6 6 4 7 9 9 11 9 7 7 7 7 9 7 255 
255 26 24 26 26 22 20 19 19 19 19 19 18 15 15 14 13 9 13 11 11 11 11 9 9 9 9 9 9 11 9 7 7 9 7 7 7 9 7 9 9 11 9 9 12 6 6 6 7 11 4 6 4 7 13 12 7 6 6 3 3 7 7 6 7 6 4 4 7 6 7 7 7 9 9 7 6 7 7 7 7 6 6 7 9 9 9 7 7 7 7 9 9 9 9 9 9 9 11 13 6 7 9 7 7 4 4 7 9 9 9 7 7 9 11 14 4 0 255 
255 27 25 25 26 23 19 19 19 19 20 19 19 15 15 15 14 12 12 13 9 9 11 11 11 11 11 11 11 11 9 9 9 7 7 9 9 7 7 6 9 12 9 12 7 7 6 4 7 9 6 6 6 6 9 11 7 7 4 6 7 6 7 3 3 3 6 4 7 7 6 4 4 4 4 4 4 4 6 7 7 6 4 7 7 7 7 9 7 7 7 9 11 9 9 9 9 9 9 11 6 9 7 9 9 4 6 6 7 9 11 9 7 9 1 0 0 29 255 
255 26 26 23 19 19 20 20 22 22 22 15 18 15 15 15 13 13 11 11 12 11 9 7 9 9 9 9 9 9 9 9 9 9 9 7 6 7 6 6 7 12 7 9 6 6 4 6 4 9 7 6 7 6 6 6 6 7 6 9 9 4 4 4 3 4 6 4 4 6 3 3 3 6 6 6 6 4 6 7 7 6 6 7 7 7 9 9 11 7 7 9 11 9 9 9 11 11 9 7 3 7 4 9 9 7 7 7 11 4 3 0 0 0 24 44 81 116 255 
255 24 26 24 19 19 20 19 19 19 20 19 18 15 15 13 13 13 12 12 14 13 11 9 7 7 7 7 9 9 9 9 9 7 7 6 6 6 4 6 7 11 9 7 6 6 6 6 6 9 7 6 6 7 6 4 6 7 6 7 7 6 6 7 7 4 4 4 4 3 6 4 3 6 4 6 4 4 6 7 7 7 7 6 4 7 7 7 9 12 11 11 11 11 11 11 11 9 11 9 6 14 7 7 7 9 9 3 0 4 14 35 60 90 108 121 140 155 255 
255 26 25 24 19 20 19 20 20 19 18 17 17 15 14 13 12 11 12 13 9 9 11 11 7 7 9 7 9 13 9 9 9 7 7 6 6 6 7 7 7 7 9 9 3 9 6 3 6 11 9 6 6 6 6 3 6 7 7 6 6 7 4 7 6 7 7 7 7 6 6 4 9 3 6 4 4 6 7 7 7 7 7 7 6 7 9 9 7 9 11 9 11 9 9 9 11 9 12 9 7 11 11 9 11 9 7 18 56 86 96 120 117 127 133 138 161 169 255 
255 27 24 24 19 22 22 19 20 19 17 15 17 15 12 12 13 9 9 9 11 9 9 9 7 9 7 9 7 9 9 9 9 7 9 6 6 7 7 7 3 4 7 7 9 9 6 4 6 6 6 7 6 6 6 4 6 7 7 7 6 6 3 6 6 7 9 9 12 7 3 3 7 4 7 7 7 7 7 7 7 7 7 7 6 7 9 9 7 9 11 11 11 9 9 9 11 11 9 9 7 7 13 13 13 9 15 67 108 136 144 142 130 135 140 132 146 155 255 
255 27 24 22 22 20 20 19 17 20 18 17 17 15 12 12 14 13 9 7 9 9 11 11 7 7 7 9 7 7 7 7 7 7 7 7 7 7 7 7 7 7 7 7 9 7 4 7 7 7 7 6 6 7 4 3 4 4 4 7 6 3 6 6 4 6 7 7 9 7 7 3 7 6 7 6 7 7 7 7 7 7 6 7 7 7 7 7 9 7 9 9 9 11 11 9 7 7 9 9 9 9 12 13 9 4 36 95 134 155 162 151 133 123 109 94 89 93 255 
255 27 24 22 22 20 19 19 15 19 15 15 14 15 14 12 13 12 12 6 9 11 11 11 9 7 6 7 7 9 9 9 7 4 4 6 7 7 9 9 9 7 9 7 6 6 4 4 4 6 7 7 7 6 6 3 4 6 3 3 6 6 6 6 4 6 3 6 4 7 9 11 7 7 4 7 7 7 7 7 7 6 6 7 7 9 9 9 9 7 7 9 9 9 9 7 9 9 9 7 7 7 4 3 3 0 39 108 147 159 163 145 109 75 54 53 58 62 255 
255 28 25 23 22 20 19 18 14 17 14 14 15 15 13 9 9 11 12 7 11 11 7 6 11 9 6 7 7 9 7 7 7 6 7 6 3 7 6 7 9 9 7 9 7 6 7 6 6 7 6 7 4 3 3 6 3 4 7 6 3 3 4 6 6 4 1 4 4 4 4 7 12 12 7 4 6 6 6 6 6 6 7 6 9 9 9 11 11 9 9 7 9 9 7 9 7 7 7 3 3 0 0 7 27 54 95 125 149 155 157 141 123 111 113 123 129 134 255 
255 26 23 22 20 22 19 18 14 15 14 14 13 13 12 11 9 12 12 7 12 9 7 7 7 9 11 9 7 9 7 6 7 7 7 6 6 3 7 9 9 9 7 9 6 6 6 6 4 7 4 4 4 6 7 7 3 4 7 6 4 3 4 6 4 6 7 6 4 4 3 4 7 11 13 9 7 9 9 9 9 9 9 9 9 9 9 11 9 7 11 12 14 13 9 7 7 6 7 20 54 75 87 102 117 121 137 144 159 167 162 159 159 152 162 163 170 175 255 
255 25 22 22 20 22 19 18 14 17 15 13 13 15 9 11 9 9 9 7 9 7 7 9 7 7 7 9 9 7 7 6 6 4 4 4 6 4 7 6 9 9 7 6 6 6 4 6 3 7 6 3 6 6 9 7 3 4 4 7 7 7 3 4 6 4 4 4 6 4 3 7 6 9 11 11 12 7 9 7 7 7 7 7 7 9 11 9 9 7 9 9 12 12 18 0 3 15 47 73 87 100 123 142 155 157 167 169 175 176 175 177 178 180 183 179 182 180 255 
255 26 22 24 24 22 18 18 15 19 15 13 13 14 11 9 9 11 9 9 9 6 7 9 7 9 7 6 7 9 7 7 3 4 4 6 7 7 7 6 4 6 0 7 7 6 4 4 4 6 7 6 6 3 4 6 6 4 6 7 7 7 4 4 6 6 6 6 6 4 7 6 6 6 7 7 18 11 9 7 7 7 7 7 7 9 7 9 11 7 7 7 3 4 0 19 43 73 88 99 120 136 149 159 170 173 178 176 178 176 174 177 179 183 186 184 183 182 255 
255 26 22 22 20 22 18 18 15 19 17 13 13 11 14 7 9 11 9 9 9 7 7 9 7 9 7 3 4 7 11 7 6 4 4 6 6 7 7 7 7 7 4 6 6 7 7 6 7 6 7 6 4 9 6 6 6 6 7 6 3 4 6 6 6 6 6 6 6 4 6 7 6 4 4 7 7 7 9 7 9 9 9 7 9 7 6 9 12 9 7 6 7 15 54 88 95 111 123 133 147 162 170 167 171 170 175 175 174 177 174 178 180 183 186 187 184 184 255 
255 24 20 24 19 19 18 17 17 17 18 14 12 14 12 11 9 9 7 7 7 9 7 7 7 9 7 7 7 3 7 7 7 7 7 7 7 6 6 7 7 7 7 7 6 6 7 7 7 7 6 4 7 13 9 7 7 7 7 7 6 4 6 6 6 6 6 6 6 4 4 4 4 7 7 4 6 9 7 7 9 9 9 7 7 7 7 9 9 11 6 11 46 76 104 127 134 153 159 159 167 167 167 167 163 162 167 173 169 176 175 178 178 182 184 188 184 180 255 
255 27 24 23 19 18 18 17 18 18 18 14 13 14 12 11 9 9 9 7 7 7 7 9 9 7 7 7 7 3 7 6 7 9 9 9 9 7 6 7 7 7 6 4 4 6 7 9 9 9 6 4 3 9 6 6 3 3 4 7 6 4 6 6 6 6 6 6 6 6 6 4 4 7 7 4 6 9 9 7 9 9 9 9 9 9 7 9 12 4 11 56 83 115 133 148 155 163 166 167 174 171 163 163 159 162 167 172 172 173 174 175 175 177 172 167 163 157 255 
255 27 22 22 22 24 18 19 15 14 15 14 14 12 13 13 9 7 7 7 9 9 9 9 7 6 6 7 6 7 6 4 4 4 4 6 6 6 7 6 4 6 3 4 7 7 6 3 3 4 6 6 3 6 7 6 7 4 6 4 4 6 3 3 3 3 6 6 6 6 6 4 4 7 6 6 7 7 7 9 6 7 6 6 7 7 7 9 1 15 62 98 117 138 147 158 162 166 167 165 162 161 159 158 158 166 169 173 174 171 173 170 167 150 129 113 106 97 255 
255 27 20 23 22 23 19 19 17 13 15 13 13 11 12 12 9 7 11 7 7 6 7 9 3 7 6 6 6 6 6 4 6 6 4 6 7 7 7 6 4 6 3 4 6 7 7 3 3 4 6 6 3 4 7 6 6 4 4 4 6 6 3 3 3 4 6 6 6 6 4 6 4 3 3 6 4 6 4 7 7 7 7 9 7 9 12 3 9 69 104 121 136 145 150 159 162 163 163 161 158 159 163 163 162 166 167 173 182 170 163 155 138 121 99 86 74 69 255 
255 27 22 23 22 19 19 19 18 15 15 13 12 11 9 12 11 6 7 7 6 7 9 3 7 3 3 6 6 6 6 4 4 4 4 6 7 6 7 6 4 4 3 4 7 7 7 4 4 3 6 6 3 4 6 6 7 4 6 7 7 4 4 3 3 3 3 1 3 3 4 6 3 3 4 4 4 4 4 7 11 9 7 7 7 9 4 15 70 104 129 145 150 155 152 152 159 163 163 161 159 165 170 167 165 166 171 176 172 159 140 123 111 106 99 100 88 90 255 
255 28 24 20 20 19 18 18 18 15 14 14 14 14 13 14 14 9 9 7 7 13 4 20 23 11 4 7 4 7 6 7 7 6 4 7 6 6 7 7 9 7 6 6 3 3 4 6 6 3 6 4 6 6 4 7 4 7 6 3 4 6 6 3 3 3 3 3 7 6 4 6 4 4 6 7 7 6 6 7 9 7 9 9 9 4 11 65 100 123 142 155 155 159 161 161 163 167 167 167 167 170 175 176 180 178 175 167 155 141 130 127 123 120 116 106 102 99 255 
255 28 23 20 19 22 19 19 18 15 14 15 13 13 15 11 13 7 14 22 29 58 131 83 54 54 35 4 12 3 7 4 4 4 4 6 6 6 6 6 6 4 3 3 3 3 3 3 3 7 3 4 4 6 4 6 6 6 4 3 3 3 4 3 3 3 3 3 3 3 3 3 3 4 3 7 6 6 7 7 9 7 7 7 9 7 58 94 121 142 159 158 162 167 170 169 165 167 173 173 176 177 180 180 190 180 169 167 165 142 135 134 129 127 117 106 100 98 255 
255 28 23 20 19 22 20 19 17 13 15 13 13 12 13 14 9 25 29 43 54 51 68 83 81 112 62 15 14 9 7 4 6 6 4 7 6 4 4 6 6 4 4 4 4 4 4 3 3 4 6 3 7 3 4 6 6 7 3 6 4 3 3 3 3 3 6 4 3 3 1 1 6 6 4 6 4 3 7 7 9 9 9 3 3 45 85 115 138 155 163 162 165 170 177 172 171 171 177 179 176 179 183 177 159 150 158 167 171 167 149 130 120 104 88 77 60 62 255 
255 25 23 23 20 22 20 18 15 15 15 13 14 17 17 13 23 54 30 14 58 67 45 34 44 51 51 72 19 9 3 0 0 0 0 3 4 4 6 7 4 4 6 6 6 6 6 3 4 3 4 9 4 6 3 4 6 6 3 6 6 3 1 3 3 3 6 4 3 3 1 0 4 4 4 4 6 3 7 7 9 9 7 3 24 66 104 132 153 158 159 166 167 172 180 176 171 178 170 162 125 155 172 159 141 153 161 172 175 132 77 86 95 73 75 72 30 1 255 
255 27 25 22 22 23 22 19 18 20 13 19 19 14 15 17 69 19 43 54 52 58 58 49 58 9 49 102 26 0 6 27 30 0 0 0 0 0 0 1 0 0 0 0 0 0 0 0 0 0 0 1 9 7 6 6 7 4 4 6 4 6 6 3 1 3 3 3 6 6 3 3 1 3 6 3 4 4 7 4 4 7 7 14 52 86 123 142 158 155 159 159 167 177 175 175 167 150 142 116 100 138 167 166 167 171 163 119 45 96 173 219 208 161 132 113 90 52 255 
255 29 26 24 22 24 20 19 14 18 15 23 17 14 9 22 25 34 15 28 71 93 95 58 102 19 15 83 106 145 192 161 162 140 131 125 93 24 3 3 38 31 14 11 11 14 11 11 7 7 0 0 0 0 0 0 0 0 3 7 6 4 4 3 1 3 3 3 6 6 4 3 3 3 3 9 4 3 7 6 6 6 7 28 68 98 125 146 152 149 154 155 165 173 177 167 141 112 100 96 86 120 176 177 163 131 87 83 149 235 249 235 217 187 161 142 121 91 255 
255 26 25 23 23 19 17 20 19 15 19 22 14 15 23 30 9 36 50 91 146 127 83 92 104 0 49 138 175 196 195 201 190 209 209 209 211 208 199 197 144 167 200 227 235 227 213 216 209 226 230 213 200 167 133 79 25 0 0 0 0 1 3 4 7 7 7 6 6 4 6 7 7 6 4 4 4 9 9 3 6 6 15 40 83 106 134 147 155 155 153 162 172 172 179 141 96 77 77 85 83 127 163 146 72 100 203 233 218 217 225 222 217 209 197 188 186 171 255 
255 27 25 19 22 23 19 19 19 18 22 18 11 23 41 14 34 60 106 158 125 83 49 75 46 92 166 167 178 184 201 209 213 209 212 215 217 217 209 180 115 133 195 166 172 176 187 190 209 203 204 211 222 222 227 230 221 199 155 99 39 7 0 0 0 3 6 7 4 3 6 7 6 4 6 3 7 7 9 11 11 6 17 52 92 117 138 146 155 155 155 204 200 163 158 102 77 67 75 83 121 123 56 19 131 230 242 217 207 219 226 224 225 217 211 203 200 208 255 
255 28 25 25 25 22 18 19 14 17 19 17 14 23 34 40 61 99 106 83 72 43 83 31 60 161 152 165 171 187 203 208 209 211 213 209 216 213 209 165 86 111 123 98 41 157 212 222 204 196 190 180 177 182 186 184 200 213 222 215 213 198 149 81 13 0 0 0 9 7 6 6 6 6 6 9 9 7 7 7 9 4 20 60 98 121 132 142 151 142 174 225 197 138 102 60 66 66 76 106 102 34 6 148 251 240 230 218 225 238 227 222 226 227 218 212 209 215 255 
255 26 24 26 24 20 18 19 17 15 18 22 25 47 49 83 85 75 72 38 108 94 63 20 99 140 153 154 162 178 195 201 201 209 209 209 219 218 217 171 83 79 96 74 125 179 146 213 197 208 192 172 162 162 169 167 171 173 182 184 199 198 204 211 196 141 49 0 0 3 4 9 7 6 9 7 9 9 7 7 7 4 33 69 106 123 131 141 144 157 209 213 152 71 31 38 58 77 83 93 34 28 172 235 238 232 229 222 222 225 221 219 227 232 227 225 221 199 255 
255 28 23 26 24 25 20 19 18 22 19 28 28 60 66 83 73 47 15 11 19 11 0 46 119 129 133 140 153 169 180 187 192 203 201 205 215 217 218 188 71 53 83 30 172 238 144 119 167 188 172 163 149 150 152 150 152 155 163 177 184 183 187 186 197 213 215 161 69 0 0 4 6 7 7 7 7 7 7 9 7 9 46 81 108 125 136 133 127 188 221 190 135 70 33 34 67 89 67 58 52 135 235 226 227 230 222 209 222 203 213 222 226 225 230 238 213 171 255 
255 27 24 26 25 24 25 25 15 20 24 15 40 72 41 63 49 17 15 26 12 0 13 106 123 123 125 137 142 158 167 178 188 188 186 184 195 197 196 187 56 40 72 18 96 53 121 89 125 150 152 149 142 140 138 133 134 147 157 174 180 184 192 191 184 184 175 187 201 167 68 0 0 6 9 9 7 9 7 9 6 19 67 96 120 127 119 117 170 208 191 146 133 117 94 74 68 40 50 83 71 187 227 219 222 218 200 201 201 191 192 211 219 218 208 194 163 152 255 
255 27 24 25 24 24 20 20 24 24 23 33 48 63 26 69 26 23 34 15 9 0 69 116 109 117 123 132 138 149 162 163 173 173 165 166 178 176 173 163 77 31 70 12 18 22 23 79 90 131 135 144 142 133 125 117 130 142 154 171 184 192 197 191 188 172 150 162 169 188 208 138 35 0 0 7 12 11 11 7 3 39 94 130 123 108 117 180 208 184 119 72 38 72 117 89 28 33 77 58 102 218 222 221 219 208 170 183 191 167 163 187 198 188 161 146 149 141 255 
255 28 24 25 25 24 19 19 23 23 19 52 38 45 51 46 39 14 18 7 9 27 109 115 109 119 123 134 141 141 147 151 153 157 155 165 166 167 157 151 109 44 102 23 44 26 39 65 86 127 155 178 169 157 145 138 136 151 163 188 178 182 192 195 198 121 161 179 176 172 176 197 199 133 30 0 4 7 0 0 19 73 92 106 108 136 183 209 158 61 15 0 14 79 85 24 33 61 68 43 187 229 215 215 209 186 138 178 197 195 194 195 177 142 132 125 125 79 255 
255 26 22 22 22 22 20 20 27 22 28 58 39 53 68 66 43 26 17 43 23 30 104 125 117 125 133 140 138 141 147 150 152 154 154 158 163 167 159 153 133 54 129 83 0 15 28 63 100 153 221 242 221 219 209 170 172 222 188 184 174 176 186 187 194 127 153 184 180 175 174 173 183 207 204 93 0 0 31 83 175 199 170 138 173 201 196 142 38 24 48 58 97 96 44 66 66 68 41 102 225 221 213 203 184 180 182 205 209 200 192 163 127 113 94 79 65 61 255 
255 25 20 20 15 18 17 27 46 19 54 51 46 58 66 102 40 65 77 94 45 15 102 125 121 129 136 144 142 148 151 150 149 155 155 155 161 162 157 157 144 111 121 157 44 39 36 77 153 192 219 226 213 199 167 145 163 187 151 144 178 197 191 188 178 146 167 201 184 177 176 165 173 183 192 203 167 240 255 255 255 255 255 195 159 138 102 73 77 100 95 79 65 65 88 69 60 58 62 165 213 211 195 179 195 216 217 205 187 169 142 111 87 79 73 79 97 121 255 
255 26 23 22 17 19 15 28 38 38 73 40 47 44 74 92 62 54 96 97 53 13 77 135 125 130 138 149 150 153 154 157 154 154 153 153 155 158 154 148 148 145 119 121 201 152 135 152 179 192 179 162 146 123 108 108 123 141 125 94 116 199 172 162 146 108 123 184 165 158 157 162 172 178 179 180 162 200 255 252 255 238 155 102 81 72 76 73 79 68 67 60 72 90 77 54 46 65 154 188 187 190 180 195 213 213 195 174 154 127 97 90 95 94 106 123 129 121 255 
255 26 19 19 17 18 11 38 36 65 56 37 39 30 69 53 99 83 35 49 71 13 63 129 129 133 137 145 152 159 155 151 151 152 153 150 153 155 157 159 154 147 131 142 201 217 178 157 137 120 112 112 115 121 121 125 127 129 133 127 86 121 127 136 144 102 94 113 137 125 123 140 171 177 167 159 147 120 226 255 212 75 68 76 38 40 69 71 44 36 69 90 97 87 61 38 54 132 186 172 154 176 201 211 201 186 165 154 133 97 87 100 120 131 142 133 137 129 255 
255 26 20 19 22 13 22 79 40 52 36 30 34 27 34 71 79 104 49 3 72 47 56 135 136 138 138 142 146 152 151 152 151 151 154 149 152 154 159 159 153 144 136 138 140 140 134 134 125 127 141 154 163 179 174 167 194 182 142 147 113 102 119 120 134 108 83 97 151 115 97 117 157 161 155 150 134 117 158 232 53 26 44 44 58 63 56 30 29 79 93 81 58 53 45 79 117 153 140 120 142 201 211 201 184 178 162 125 108 106 112 127 149 136 142 154 165 146 255 
255 26 22 20 19 7 65 96 38 27 28 19 35 48 24 56 79 86 87 34 27 56 66 136 141 142 140 144 145 149 153 151 154 149 148 145 149 153 159 155 150 137 134 142 157 163 180 192 187 188 184 188 188 183 179 165 171 171 142 119 117 131 134 134 136 98 91 97 163 117 70 96 138 151 142 137 125 112 121 100 54 77 77 88 102 88 63 38 18 39 28 15 24 54 83 111 121 117 104 102 194 217 205 201 201 180 123 106 133 138 138 141 141 142 142 161 165 152 255 
255 26 23 19 18 20 51 69 24 23 19 23 24 28 45 38 43 63 69 77 35 15 49 144 138 151 146 148 148 149 151 152 153 149 150 145 153 154 159 155 145 130 115 113 172 190 187 187 176 170 163 167 167 166 161 163 157 159 155 117 158 149 154 159 158 108 89 104 154 120 60 94 135 152 145 136 123 112 97 131 207 215 234 249 255 255 255 249 233 215 180 137 104 97 104 123 125 108 121 184 224 215 211 201 163 121 135 142 135 158 150 135 146 161 166 158 137 159 255 
255 26 22 19 18 18 56 45 19 19 15 18 27 26 36 56 63 30 63 60 56 7 65 155 145 144 147 154 150 149 151 151 152 148 150 148 153 158 162 153 147 130 108 83 121 179 169 177 178 171 167 169 165 172 171 159 155 192 125 83 172 161 159 159 165 127 81 125 147 125 77 95 136 159 152 146 129 113 88 108 180 198 221 234 238 236 242 246 250 255 255 255 251 212 163 131 115 121 183 232 221 209 155 125 109 136 144 165 162 135 132 150 151 159 173 155 135 146 255 
255 26 22 23 18 29 24 28 23 17 18 20 19 34 30 36 81 49 58 85 74 38 85 161 155 148 149 157 152 153 152 155 155 152 150 149 152 154 153 154 149 132 111 91 97 166 188 186 178 171 178 179 171 172 170 165 162 176 111 49 174 162 163 163 174 137 67 157 155 123 100 111 146 171 163 154 138 125 97 100 194 208 226 235 235 238 236 236 240 242 242 247 247 255 255 247 199 177 221 207 152 129 117 138 147 157 154 162 159 145 149 146 163 130 150 159 154 129 255 
255 26 20 22 19 25 25 25 15 17 19 22 19 22 49 19 45 75 61 104 94 81 104 169 159 153 154 155 155 154 155 159 159 150 149 151 154 151 151 152 150 130 100 90 83 129 176 180 167 178 186 188 180 172 167 167 166 167 142 149 170 161 165 163 166 157 45 176 145 130 120 130 148 175 163 149 141 132 97 91 200 217 235 238 235 241 235 236 238 236 242 246 242 244 249 252 230 204 159 121 115 133 138 155 152 141 151 146 153 155 144 152 138 129 136 142 137 130 255 
255 26 20 19 20 39 33 26 19 19 22 24 18 17 51 30 31 71 77 99 104 117 117 165 159 155 159 152 150 152 158 158 157 153 151 148 151 157 155 158 166 134 58 54 65 61 83 142 145 179 201 211 194 184 172 157 155 159 163 175 171 163 162 163 155 155 40 176 142 142 142 140 147 162 161 155 146 136 97 92 209 225 240 236 235 236 240 238 236 238 240 240 240 236 227 188 163 133 115 129 144 133 144 153 149 131 142 142 137 137 140 129 134 134 135 121 137 129 255 
255 25 22 20 18 20 24 18 22 19 23 24 28 14 28 73 51 66 100 83 96 109 127 159 159 157 155 151 150 154 159 162 162 158 155 154 155 163 163 165 177 135 18 28 44 54 56 100 97 151 198 213 196 184 172 146 141 150 159 170 173 167 166 161 155 145 38 155 162 149 154 147 150 159 162 155 142 130 102 108 222 230 238 238 236 241 242 241 238 235 236 234 226 208 167 129 130 132 146 144 137 145 144 138 142 167 149 149 146 129 142 120 138 142 121 141 145 159 255 
255 25 23 19 19 17 29 22 18 19 23 22 33 25 19 74 113 81 67 77 95 102 123 148 157 159 157 157 154 159 167 167 162 161 159 162 173 179 175 178 180 125 1 30 19 48 77 123 108 127 161 190 183 170 155 140 132 133 155 171 177 178 178 171 159 147 45 159 159 159 154 151 154 158 159 157 151 133 104 136 229 235 242 241 242 238 242 244 242 230 216 216 192 153 130 141 151 155 140 137 142 145 131 135 153 155 144 137 142 140 146 130 140 151 142 149 142 169 255 
255 25 23 19 18 40 26 30 20 20 22 24 25 37 41 68 117 104 74 79 99 100 119 145 157 161 162 161 159 165 172 175 170 169 167 172 182 183 190 187 188 123 19 43 33 127 183 175 94 111 142 163 163 151 148 136 135 132 138 154 169 180 182 173 163 151 65 149 155 159 152 152 157 157 155 149 145 136 100 177 235 235 238 242 242 242 242 244 227 198 198 170 144 142 137 140 161 162 155 154 153 142 132 144 140 147 159 152 135 145 153 151 140 142 157 158 147 153 255 
255 26 23 19 19 25 19 24 26 18 27 25 35 56 63 65 43 38 77 87 77 67 98 125 159 162 167 167 165 172 177 182 178 179 175 176 184 188 192 195 201 108 40 58 38 224 204 211 94 111 140 159 159 148 147 142 138 140 142 146 149 165 182 175 163 155 111 136 152 152 152 154 157 155 155 148 137 123 109 218 230 236 241 246 246 247 247 219 166 154 158 149 137 148 138 155 155 158 175 159 137 158 145 142 152 158 166 142 150 155 154 141 155 144 148 163 136 161 255 
255 25 20 19 18 33 48 37 29 18 26 30 58 96 68 43 31 30 58 53 65 77 61 86 153 170 171 172 178 184 188 183 182 183 178 182 187 194 197 195 209 102 52 77 24 85 77 158 111 120 153 155 153 149 149 153 150 144 147 142 146 153 174 180 172 161 147 142 145 147 151 155 154 155 151 140 131 104 163 238 230 240 242 247 252 252 216 153 130 141 148 155 150 147 145 155 152 155 157 152 149 158 155 149 154 153 134 137 161 161 148 166 159 153 147 167 162 130 255 
255 26 24 23 18 38 25 30 31 35 19 39 108 63 49 36 29 26 31 33 62 90 36 68 135 192 184 183 186 192 197 196 191 188 184 187 192 194 204 200 208 106 62 108 22 52 43 92 120 121 157 162 153 153 155 157 155 151 149 149 150 155 169 171 169 165 159 151 147 145 148 154 153 148 145 138 132 116 219 227 232 241 243 252 251 209 146 141 155 163 155 152 153 155 152 141 159 138 138 161 157 149 157 147 144 155 163 136 159 163 142 149 134 167 184 127 72 67 255 
255 26 24 24 20 20 46 22 51 45 41 100 83 27 25 17 17 34 38 18 56 83 35 60 60 190 199 188 196 198 201 198 196 192 188 184 191 196 204 201 213 117 54 113 43 87 83 182 127 135 163 162 150 152 155 159 158 162 155 155 155 159 169 167 166 161 163 155 155 148 153 157 153 146 144 141 109 175 242 222 235 246 255 251 192 140 133 153 158 167 142 153 159 165 158 159 152 147 147 155 159 158 163 146 148 166 166 169 167 175 172 167 175 148 92 65 93 117 255 
255 26 22 22 19 19 49 34 30 35 104 90 26 18 18 17 19 28 34 14 28 69 56 77 27 151 211 198 196 200 201 200 198 195 191 191 192 194 205 208 222 140 54 104 79 0 196 190 119 150 159 161 155 153 155 159 165 169 162 155 161 159 169 170 166 167 167 163 154 149 148 148 150 146 140 127 121 240 230 227 249 255 247 176 129 144 136 155 159 145 151 169 158 162 163 159 152 146 150 153 165 174 157 159 162 141 180 174 154 186 184 146 77 47 106 127 133 150 255 
255 28 23 20 19 17 14 81 37 50 104 77 7 20 25 26 19 24 28 13 22 58 94 130 63 99 204 205 197 201 203 201 197 195 192 192 192 192 204 211 215 167 45 100 141 11 91 138 178 163 167 163 165 159 159 163 163 169 163 165 165 163 166 169 167 167 167 165 155 155 153 149 150 144 134 106 191 243 226 250 255 238 147 117 138 148 170 165 152 155 169 166 161 166 149 157 162 149 127 136 153 155 162 167 175 154 158 177 178 152 95 61 83 133 158 142 147 159 255 
255 29 20 22 19 18 13 88 88 54 104 25 24 27 25 19 20 28 43 17 30 79 87 113 90 102 167 212 201 201 200 198 191 194 188 190 188 190 200 205 204 196 61 94 159 71 23 180 203 172 170 167 167 159 161 163 162 161 165 165 172 163 162 167 166 163 163 159 158 159 155 147 145 138 116 140 242 227 250 255 209 140 117 145 151 153 159 157 154 159 165 159 163 145 152 167 167 144 138 135 148 144 183 175 167 163 150 180 116 46 67 121 145 172 132 149 138 163 255 
255 29 20 22 20 18 11 70 94 121 54 19 25 26 25 23 36 60 70 60 67 113 102 79 74 39 98 201 204 204 192 196 192 191 187 188 184 183 188 194 198 205 100 79 159 146 85 142 192 177 176 176 171 169 165 161 163 165 169 173 170 166 161 163 159 159 165 165 153 155 153 144 142 127 104 216 229 251 251 171 91 117 162 155 152 165 159 147 157 159 158 150 153 144 152 159 154 155 145 144 157 157 180 171 178 187 155 79 91 123 142 145 153 149 123 163 179 162 255 
255 30 22 22 20 18 12 60 63 138 41 27 17 36 30 49 37 85 67 48 58 92 83 81 73 40 43 155 213 198 194 190 190 186 182 180 179 178 178 184 186 190 159 81 158 163 155 167 187 184 186 188 176 171 167 166 163 166 167 167 170 166 163 166 162 159 159 157 155 154 150 145 137 109 188 242 255 241 138 79 121 138 170 159 159 153 152 144 146 159 146 137 146 158 166 149 166 166 144 138 153 163 157 186 198 123 100 106 141 172 144 142 159 171 145 148 180 180 255 
255 30 23 20 20 19 15 38 111 81 38 61 41 40 36 77 56 74 47 25 63 90 65 83 92 86 36 71 195 198 192 183 186 180 178 175 176 176 179 182 183 184 188 134 123 172 176 183 187 186 188 188 172 167 159 157 162 163 169 167 169 165 165 165 165 159 161 155 155 144 142 137 113 192 255 255 227 121 117 131 134 135 169 154 155 159 150 142 158 154 142 146 151 165 166 169 162 155 147 157 169 158 186 178 104 116 138 154 151 163 151 157 158 161 159 159 163 178 255 
255 29 23 22 19 19 14 17 62 98 65 83 94 62 46 76 85 61 47 53 81 100 60 86 104 117 60 39 138 201 190 188 188 179 178 175 177 177 180 182 183 180 182 174 138 170 184 188 195 188 184 172 165 157 158 159 159 163 163 167 163 167 165 165 163 159 159 157 147 142 142 108 161 255 255 227 113 106 140 151 141 131 147 133 148 171 167 163 159 138 149 163 159 161 169 167 155 163 155 163 172 178 145 89 130 138 127 123 142 137 132 131 162 142 148 151 154 158 255 
255 27 23 22 19 19 17 17 7 90 88 77 91 62 67 58 61 65 46 76 69 99 72 97 79 90 109 88 93 182 195 190 177 182 177 171 171 176 182 180 177 176 177 178 174 179 186 188 188 184 176 163 161 155 158 157 159 155 161 159 163 162 163 163 159 157 155 152 147 140 109 155 255 255 229 109 119 142 147 151 150 142 154 161 148 146 162 162 158 173 165 157 150 167 172 167 163 142 170 154 173 161 79 113 142 135 161 163 152 155 146 144 163 167 155 175 163 171 255 
255 27 23 20 18 19 18 15 3 96 98 53 73 70 85 44 76 54 62 44 49 86 102 104 89 83 104 113 93 146 159 177 173 163 187 162 147 171 180 180 177 177 179 182 179 180 186 178 177 171 166 155 152 155 155 161 155 155 159 158 161 165 158 161 153 151 151 148 146 116 153 255 255 221 123 116 153 162 157 148 133 138 141 158 163 151 155 137 130 169 175 163 153 165 173 178 162 159 166 192 125 97 112 146 163 163 157 159 175 142 132 138 137 146 167 159 167 163 255 
255 30 26 25 19 19 17 18 6 66 70 44 45 58 51 27 68 29 58 47 24 81 125 111 99 65 102 87 83 120 150 153 161 136 142 149 147 132 182 183 177 180 178 176 176 177 176 169 170 167 159 154 148 152 155 154 155 155 165 163 161 159 157 155 152 150 153 142 119 157 255 255 221 121 134 142 158 157 152 152 151 137 134 149 158 155 146 149 147 150 154 169 163 170 167 175 162 173 180 141 98 132 142 167 165 178 165 142 169 177 151 146 167 158 154 159 153 171 255 
255 30 26 24 19 18 15 15 13 38 61 53 33 48 30 28 45 30 34 26 23 72 108 104 123 60 89 69 90 115 142 127 108 108 117 92 100 112 134 208 184 180 178 182 175 176 170 167 159 155 155 151 151 153 155 152 153 152 161 165 158 155 155 155 151 149 132 115 173 255 255 184 117 141 146 155 159 155 152 159 151 144 137 154 152 159 161 161 161 173 141 157 180 166 158 167 175 167 142 112 175 166 163 162 171 158 142 127 144 155 152 159 175 158 169 165 165 180 255 
255 29 26 23 22 20 18 18 13 19 83 35 33 31 33 33 15 28 27 27 30 60 94 104 138 98 94 60 98 121 149 145 129 89 51 54 58 58 51 147 209 180 172 178 176 178 178 166 157 147 151 153 152 155 155 157 155 158 154 159 162 158 157 150 155 131 131 201 255 255 188 102 140 155 142 137 154 151 159 159 157 157 158 162 162 166 157 152 162 154 87 165 178 177 158 177 182 145 151 177 184 176 149 163 167 159 142 159 163 157 159 149 151 150 157 135 145 136 255 
255 29 25 23 22 23 17 18 14 4 73 38 37 39 33 22 14 25 26 25 33 49 68 93 104 111 120 95 137 100 99 104 109 98 83 56 38 43 41 43 166 163 170 167 165 148 161 167 159 151 153 154 157 149 153 152 153 155 153 154 159 157 150 148 137 157 242 255 255 180 106 142 136 145 153 142 157 167 166 166 146 142 158 155 165 154 151 148 150 159 89 172 180 177 176 173 153 145 159 169 171 167 171 175 151 155 153 161 174 184 169 155 146 166 146 91 37 14 255 
255 30 26 26 23 22 19 19 19 13 31 81 53 58 23 20 12 15 25 22 22 47 47 77 54 93 102 125 146 99 72 81 62 90 81 67 40 28 38 52 77 108 113 119 131 98 92 92 141 152 149 152 151 144 145 146 142 144 140 141 144 148 146 145 197 255 255 255 180 109 121 138 145 152 159 157 150 167 167 162 142 147 157 165 180 163 155 152 151 104 123 172 184 192 159 115 158 144 134 173 184 169 155 180 171 163 155 159 135 89 35 37 56 58 23 13 68 83 255 
255 30 25 28 23 23 22 19 19 15 3 72 60 85 29 18 12 12 20 17 19 30 44 51 40 48 60 104 116 112 94 88 66 77 73 61 56 63 44 76 91 51 86 112 79 71 76 50 125 142 140 147 141 147 145 158 142 140 142 153 158 157 155 209 255 255 233 155 106 134 148 133 137 145 153 152 152 165 155 162 152 151 157 150 151 158 157 154 177 85 155 195 169 154 104 151 167 163 177 175 165 167 163 183 170 146 113 117 35 0 68 112 112 102 91 120 97 89 255 
255 31 27 26 23 23 20 20 19 18 14 31 76 100 45 15 14 15 25 19 22 25 44 27 22 23 39 70 90 112 102 60 77 72 62 74 43 79 79 81 83 73 94 40 98 108 117 141 150 148 154 151 177 187 180 183 133 147 174 167 142 117 166 247 243 198 127 108 135 138 137 142 137 144 148 151 149 151 159 155 167 150 157 148 162 157 159 169 171 111 167 207 146 92 135 167 177 178 169 155 180 180 170 167 147 117 54 41 41 149 123 116 90 112 142 108 67 142 255 
255 33 28 24 23 23 20 22 17 17 15 12 24 97 85 19 11 48 87 43 17 14 31 19 29 17 27 50 60 113 121 53 36 49 38 67 60 113 67 72 68 23 38 184 191 155 155 145 150 178 163 109 172 191 167 178 111 95 69 47 26 3 43 125 133 115 108 111 127 129 134 155 155 146 147 157 151 144 154 163 170 146 174 158 167 153 167 158 150 138 154 153 99 154 163 173 159 178 171 166 174 176 177 155 147 125 93 123 163 141 115 125 117 157 106 71 133 175 255 
255 30 29 28 24 24 20 20 18 15 17 15 11 30 56 30 12 86 86 73 19 9 28 19 30 26 22 39 30 61 102 63 41 37 48 85 60 68 72 44 44 9 161 203 158 108 155 204 192 177 130 159 205 188 184 132 15 0 0 0 4 7 0 9 54 77 108 127 140 142 142 157 155 153 153 159 155 142 159 153 159 142 161 161 161 154 165 187 108 155 149 116 142 169 163 180 171 169 175 170 183 163 172 172 154 127 159 159 132 111 119 127 174 131 72 63 197 147 255 
255 30 30 30 27 25 23 22 19 15 18 14 13 9 29 34 24 24 47 56 50 38 28 34 0 56 20 58 3 36 83 38 24 40 79 56 44 48 106 48 44 157 212 172 201 74 15 190 213 132 162 199 198 200 123 1 1 7 9 13 12 12 9 7 0 0 28 93 142 162 163 159 157 152 161 161 159 141 154 158 163 159 162 162 150 159 149 180 113 161 155 155 162 163 183 184 174 174 178 170 197 167 155 142 104 166 170 142 117 104 100 180 153 71 81 146 157 100 255 
255 34 31 29 26 24 22 23 18 17 18 14 17 12 9 22 12 18 18 60 100 74 79 49 19 20 26 63 40 56 58 24 28 27 25 51 34 60 66 24 175 166 121 232 207 176 77 39 67 133 209 209 198 86 0 3 9 9 9 9 9 9 9 12 12 13 0 4 52 121 155 159 161 142 140 155 155 144 154 167 163 148 159 155 161 167 179 170 138 184 171 157 166 171 170 177 177 183 163 167 178 180 112 121 184 172 153 138 116 152 152 173 119 79 102 184 142 113 255 
255 35 34 25 24 23 20 24 19 17 18 14 12 9 11 11 14 17 7 18 67 43 71 79 89 37 22 13 33 26 20 3 24 37 15 38 39 39 41 38 199 142 35 112 172 200 179 138 155 209 174 132 29 0 3 7 9 9 9 11 11 11 11 9 9 9 13 9 0 12 69 145 165 154 137 152 154 150 152 161 161 155 159 163 161 167 173 161 169 174 167 179 170 167 180 178 158 166 180 183 167 125 149 167 176 158 123 117 142 155 167 147 120 97 162 170 132 120 255 
255 29 26 29 24 23 19 23 15 17 18 15 12 12 12 11 12 17 19 17 17 15 13 14 9 35 29 17 72 54 35 33 15 35 17 13 25 24 38 54 72 175 215 125 100 157 201 209 173 83 17 0 0 6 4 9 9 11 9 11 9 9 11 11 11 11 14 14 13 9 0 30 113 170 158 150 150 155 150 163 170 165 165 163 165 162 121 161 184 167 171 174 172 175 142 173 167 182 169 108 159 179 142 184 176 142 100 149 178 148 178 163 108 123 180 155 136 116 255 
255 30 28 26 25 24 19 19 15 13 15 15 9 11 11 14 14 14 12 12 9 38 15 9 15 9 25 62 76 14 20 14 15 15 11 14 24 28 22 46 11 1 71 108 108 108 85 30 0 0 0 3 4 6 6 6 7 9 9 11 12 12 9 7 7 9 9 9 12 12 11 0 18 97 151 166 158 153 159 163 165 148 149 155 157 147 166 167 176 180 171 167 173 167 159 184 173 148 145 149 155 152 163 194 151 127 142 161 149 138 166 129 125 174 172 145 155 133 255 
255 30 26 27 24 20 19 18 19 14 15 17 13 12 14 11 11 9 7 7 4 26 26 27 15 24 9 4 15 22 17 17 14 15 9 23 14 15 30 30 14 1 0 0 0 0 0 0 6 7 4 7 6 6 7 7 6 7 7 7 9 7 9 9 9 9 9 9 13 12 9 17 6 0 28 81 116 133 137 140 145 149 155 167 169 167 163 165 171 169 166 179 177 183 176 186 186 132 162 170 155 171 167 177 113 113 169 155 144 180 188 148 180 146 183 157 163 121 255 
255 31 27 20 22 25 18 19 18 19 15 14 13 12 11 9 9 14 7 7 19 19 22 13 14 13 14 15 11 9 12 11 7 7 7 7 6 7 11 7 7 7 7 3 7 7 6 3 4 6 7 7 7 7 7 7 6 6 9 7 7 7 9 9 7 9 12 11 9 9 11 15 13 13 1 0 19 112 142 145 158 163 167 175 166 155 163 176 163 159 179 179 175 186 180 195 166 162 161 163 177 179 184 207 121 130 171 167 140 188 174 161 155 154 165 165 159 182 255 
255 30 25 24 22 24 19 18 18 19 15 13 12 12 11 14 14 9 17 17 17 15 7 6 7 7 9 9 13 12 12 11 7 9 7 7 9 7 6 7 4 6 6 7 7 7 7 6 7 7 7 7 7 7 6 6 6 7 11 11 11 9 7 9 12 6 9 9 11 11 9 12 14 13 15 14 0 22 123 158 159 163 165 162 155 159 167 162 166 166 162 169 192 196 196 149 175 174 188 149 163 153 184 188 104 171 192 171 179 180 194 150 157 159 177 188 158 169 255 
255 30 25 24 22 22 19 19 18 18 17 15 13 11 13 12 12 13 13 7 9 15 11 9 9 7 7 9 13 15 14 11 9 7 9 7 7 7 6 9 7 4 7 7 7 7 6 6 7 4 4 4 4 4 4 7 7 7 7 7 7 9 9 9 7 11 11 12 9 9 11 12 15 13 12 18 18 0 56 162 155 149 159 159 161 154 159 157 167 172 170 184 177 188 159 162 166 149 170 171 157 183 190 165 120 176 174 174 188 182 169 144 169 182 180 163 166 167 255 
255 30 24 23 19 22 18 19 19 19 17 15 13 11 13 13 12 13 18 13 9 18 6 9 7 9 7 9 9 14 14 12 11 7 7 7 7 7 9 6 3 9 7 9 9 7 6 6 7 4 4 4 4 6 7 9 9 9 7 7 9 7 7 7 7 9 9 11 13 12 15 14 14 13 12 15 15 12 0 81 174 145 150 147 140 137 154 154 184 173 172 163 173 178 178 176 184 180 184 183 177 199 167 142 144 169 165 166 170 190 175 155 175 176 178 180 158 178 255 
255 28 26 23 22 20 19 19 22 18 17 12 12 13 12 12 12 13 12 12 14 14 9 9 9 9 11 11 11 12 12 13 12 9 11 9 7 7 14 20 7 7 9 7 9 7 6 6 7 9 9 7 7 7 7 7 7 7 9 11 12 12 12 12 13 12 14 15 12 12 12 13 15 15 15 15 15 15 13 0 108 174 155 154 145 153 161 163 176 175 167 163 179 163 166 187 171 192 190 162 184 197 144 136 186 207 183 201 192 173 184 152 175 167 175 186 169 180 255 
255 27 26 22 22 23 19 20 20 19 17 13 13 14 14 12 12 13 13 12 14 13 9 9 7 7 7 7 11 12 9 7 7 9 9 9 9 9 12 12 9 9 9 7 7 7 7 7 7 9 9 9 9 9 9 7 7 9 9 11 12 11 11 12 13 9 11 14 12 12 12 15 15 15 15 15 15 15 27 3 0 155 174 155 145 145 163 172 167 163 150 182 184 159 161 174 180 173 170 163 182 188 141 182 199 188 175 199 186 190 183 171 184 195 184 196 157 174 255 
255 29 26 23 23 24 22 19 19 18 17 12 14 14 14 12 12 13 12 12 14 14 9 9 11 9 12 12 11 12 12 12 11 7 7 9 9 11 12 12 12 13 11 7 6 7 11 9 7 7 9 9 7 7 9 7 9 11 11 11 13 13 13 13 12 12 12 13 12 13 12 15 15 15 15 15 17 15 15 15 0 29 167 151 146 151 166 166 174 180 187 183 173 163 176 187 191 194 163 184 201 177 125 187 203 180 174 163 192 186 199 190 176 173 184 192 167 186 255 
255 33 27 26 25 23 19 18 15 17 18 14 13 14 14 12 12 13 12 12 14 11 11 9 12 12 13 12 14 14 14 14 13 13 13 11 17 14 14 13 12 12 13 11 9 9 9 9 9 7 9 9 7 7 12 9 7 14 12 11 15 12 11 13 12 12 14 13 12 12 11 14 15 14 15 18 17 18 18 19 13 0 88 179 136 155 163 163 184 184 178 172 152 163 175 188 184 188 170 182 199 147 161 184 169 188 183 180 205 197 194 188 205 184 191 158 188 182 255 
255 30 27 26 24 23 19 18 17 18 18 14 13 14 14 12 12 13 12 12 11 7 9 9 12 12 13 12 14 14 13 12 13 11 11 9 15 13 12 12 13 14 12 12 9 11 9 9 9 7 7 7 7 7 11 11 11 14 12 11 15 12 11 13 14 14 14 13 12 13 12 15 15 14 15 17 18 18 18 18 15 15 0 111 148 151 163 172 174 169 175 176 174 158 161 180 192 177 182 196 187 130 186 222 187 198 196 187 178 173 194 192 196 186 188 169 167 162 255 
255 31 26 25 26 24 19 18 17 18 18 18 13 13 13 14 12 12 13 13 11 11 9 9 9 9 9 13 14 12 9 11 12 13 12 14 13 14 14 13 15 13 11 9 15 11 12 13 9 9 11 11 9 9 12 9 9 11 12 14 15 17 13 13 14 13 12 12 12 12 15 15 15 15 22 18 17 18 15 19 15 14 3 0 135 175 184 167 175 184 177 166 179 180 182 192 192 178 198 198 170 125 191 201 200 188 197 197 184 184 174 184 184 169 178 195 196 180 255 
255 31 27 29 29 26 23 19 19 15 18 17 14 14 15 15 13 14 13 11 15 12 11 9 14 14 14 15 11 11 13 14 14 12 12 13 14 13 15 18 20 19 15 13 15 11 12 12 9 9 11 9 9 9 12 9 11 12 12 15 13 14 12 13 14 13 14 14 14 13 15 15 15 15 15 15 12 18 15 17 17 15 15 1 41 187 161 162 177 180 166 180 195 183 186 187 201 192 201 196 142 131 199 200 192 195 188 203 200 184 177 183 182 207 190 195 173 182 255 
255 30 29 28 27 28 24 22 19 19 15 17 15 15 15 15 15 15 14 13 13 13 12 11 15 15 13 12 14 14 13 12 12 12 14 14 13 9 47 15 23 19 19 19 15 11 13 12 7 9 9 9 9 11 12 12 12 13 15 15 14 14 12 13 14 14 14 14 14 13 14 15 15 14 15 14 14 15 17 19 15 18 19 15 0 81 208 158 175 173 162 183 187 182 187 186 192 190 204 194 129 159 188 205 201 196 188 191 176 182 196 204 184 192 188 184 188 163 255 
255 33 30 30 28 26 24 24 19 20 17 17 17 15 15 15 15 15 14 12 11 12 11 11 14 13 14 14 11 11 11 13 12 9 15 15 14 13 12 15 15 15 17 17 15 11 12 12 7 11 11 9 11 9 11 12 13 12 17 15 14 14 14 12 11 12 14 13 13 12 15 15 15 14 15 13 12 19 15 18 19 17 19 17 12 0 111 205 175 175 167 180 182 178 186 182 196 184 198 179 119 155 188 195 192 196 195 195 192 180 183 182 184 195 179 184 198 190 255 
255 34 31 29 27 27 26 25 20 20 22 19 18 14 15 15 15 15 12 11 15 15 13 12 14 12 13 14 14 15 14 12 12 14 14 11 12 17 17 11 18 12 13 12 14 12 11 12 7 9 7 7 9 9 9 12 12 13 15 15 15 17 15 14 15 15 14 14 15 15 17 14 15 14 15 18 15 15 17 17 15 17 17 13 17 12 0 166 188 172 154 188 188 179 172 173 184 180 171 153 127 182 191 190 205 200 200 199 191 184 180 194 187 205 178 171 180 188 255 
255 34 33 31 28 26 30 28 23 22 23 19 19 15 14 15 14 14 12 14 14 15 13 12 13 13 13 13 15 15 14 13 14 13 13 14 12 14 19 19 15 9 14 14 13 13 15 11 9 11 11 9 11 13 13 15 13 14 12 13 14 15 15 14 17 14 12 12 15 15 17 11 13 15 15 19 17 14 15 17 18 18 17 15 22 18 3 15 188 167 170 187 186 172 190 191 192 187 176 173 134 163 184 176 188 195 184 184 192 195 208 187 184 183 176 179 192 184 255 
255 38 31 30 28 30 29 27 26 22 23 19 19 18 18 15 17 17 14 15 15 15 17 15 15 15 14 14 15 12 13 13 14 15 14 14 18 19 18 12 11 13 13 13 13 13 12 12 9 9 13 12 12 14 12 14 13 14 13 13 14 14 13 13 14 14 15 15 15 15 17 15 15 15 15 19 17 14 15 15 15 15 17 17 18 19 17 3 33 192 176 183 186 182 175 167 179 191 190 154 138 180 179 201 183 192 204 182 184 196 192 180 186 176 194 184 196 186 255 
255 38 35 31 31 30 27 27 26 20 23 19 19 20 22 18 15 15 15 18 17 17 18 17 18 15 18 18 15 14 15 15 15 15 24 27 15 14 15 15 13 14 14 13 14 14 12 13 13 12 12 12 13 13 13 12 13 13 13 15 15 14 12 13 13 14 15 15 15 15 13 12 14 14 13 18 18 14 15 12 13 17 17 19 20 19 18 17 0 83 190 180 188 177 176 178 177 163 166 152 157 195 192 195 192 184 199 205 163 186 190 174 172 171 183 179 187 170 255 
255 40 33 30 31 30 27 25 26 22 26 23 23 19 19 19 17 17 19 15 19 19 19 19 17 17 17 17 18 15 15 18 18 20 18 15 17 15 15 15 13 13 14 15 14 14 12 13 12 13 13 13 14 14 13 14 14 13 13 15 15 14 13 13 13 15 15 15 14 13 13 13 14 17 15 18 18 17 14 15 14 17 17 19 19 20 20 19 18 0 99 186 184 198 179 196 183 176 180 176 165 167 186 188 192 180 192 184 172 192 188 174 192 180 175 167 163 175 255 
255 38 30 31 30 30 26 27 27 25 26 25 20 20 22 20 19 19 19 19 20 20 19 19 19 19 19 19 19 19 20 19 20 23 19 18 19 18 17 17 17 17 15 15 15 14 12 13 13 14 13 14 13 13 14 15 15 17 18 18 19 15 14 15 15 17 18 18 15 12 15 15 15 18 18 19 19 19 15 18 18 17 17 19 20 20 19 20 22 15 7 86 191 198 167 176 180 180 175 171 161 163 187 180 197 195 198 196 192 178 177 177 184 169 167 175 179 175 255 
255 38 31 30 30 30 29 28 26 27 27 25 25 24 22 20 19 19 19 19 20 22 23 24 25 25 25 24 26 27 24 24 24 23 20 19 19 19 20 20 19 18 15 15 17 15 15 13 13 15 14 13 13 13 14 15 15 17 18 19 19 15 13 15 15 17 19 18 15 15 15 15 17 18 18 19 19 20 15 20 19 19 20 19 18 19 20 19 19 22 14 3 45 179 211 187 190 182 186 184 180 183 184 180 196 188 171 180 171 176 173 173 163 167 167 175 173 173 255 
255 38 34 35 34 31 30 30 27 29 29 27 25 26 24 22 20 22 24 22 20 20 19 23 25 25 22 22 26 22 22 22 22 20 19 23 23 20 19 20 20 20 18 15 18 18 15 18 15 18 18 17 17 17 17 17 17 18 18 19 19 15 15 18 19 17 18 18 17 19 19 19 18 17 18 19 19 22 25 22 23 19 20 19 17 19 22 19 19 19 22 19 1 43 180 186 179 171 182 190 173 172 178 186 190 176 180 163 175 180 188 186 180 180 184 180 169 176 255 
255 37 39 38 36 34 31 33 28 30 30 28 24 25 24 22 22 23 25 22 22 22 23 27 24 25 23 25 25 23 22 22 22 22 22 22 22 22 23 22 20 22 19 18 18 19 19 18 15 19 18 18 18 18 19 20 19 19 18 18 18 20 20 19 19 19 19 19 19 19 19 19 19 18 20 23 22 22 22 23 22 20 19 19 18 18 19 19 19 19 19 26 26 4 7 142 188 172 174 174 174 178 167 174 167 176 172 172 176 194 188 195 188 180 177 165 155 163 255 
255 41 44 38 35 35 36 31 28 29 29 27 28 28 29 29 26 27 28 24 24 25 25 27 27 30 24 26 25 28 26 26 26 27 27 27 27 27 25 22 22 22 22 20 24 19 19 22 19 19 22 23 22 22 20 20 22 23 23 23 23 22 22 23 23 23 23 23 23 23 23 22 23 23 25 26 26 26 24 24 19 20 23 23 22 20 20 22 20 20 23 24 23 24 19 24 109 169 191 182 163 180 176 182 176 173 177 172 179 174 184 184 179 174 167 150 161 184 255 
255 43 43 38 38 36 37 34 30 33 36 33 34 31 30 31 33 33 29 27 27 27 26 30 29 28 25 28 29 29 28 28 28 27 26 28 28 27 27 28